1   0.00747337
2   0.00488798
3   0.00528714
4   0.00517335
5   0.0040502
6   0.00416252
7   0.00451125
8   0.00422676
9   0.00397971
10   0.00421697
11   0.00432577
12   0.00408711
13   0.00401954
14   0.00418703
15   0.00412537
16   0.00396755
17   0.00403488
18   0.00403573
19   0.00390535
20   0.00390861
21   0.00392696
22   0.00381706
23   0.00378317
24   0.00380769
25   0.00373923
26   0.00367406
27   0.00365962
28   0.00361147
29   0.00357678
30   0.00356599
31   0.00351288
32   0.00346737
33   0.00345232
34   0.00341958
35   0.00338438
36   0.0033567
37   0.0033176
38   0.00328531
39   0.00326107
40   0.00322894
41   0.00319741
42   0.0031653
43   0.00313237
44   0.00310596
45   0.00307787
46   0.00304264
47   0.00300549
48   0.00296921
49   0.00293517
50   0.00290378
51   0.00287191
52   0.00283686
53   0.00280257
54   0.00277554
55   0.00275278
56   0.00272676
57   0.0026966
58   0.00266532
59   0.00263625
60   0.00261045
61   0.00258684
62   0.00256151
63   0.00253336
64   0.00250593
65   0.00248081
66   0.00245738
67   0.00243373
68   0.00240865
69   0.00238262
70   0.00235769
71   0.00233523
72   0.00231308
73   0.00229048
74   0.00226801
75   0.00224533
76   0.0022229
77   0.00220108
78   0.00218012
79   0.00215913
80   0.00213737
81   0.0021159
82   0.00209499
83   0.00207434
84   0.00205392
85   0.00203423
86   0.00201446
87   0.00199456
88   0.00197491
89   0.00195595
90   0.00193777
91   0.00192004
92   0.00190295
93   0.00188576
94   0.00186833
95   0.00185077
96   0.0018343
97   0.00181833
98   0.00180227
99   0.00178625
100   0.0017705
101   0.0017547
102   0.00173887
103   0.00172342
104   0.00170829
105   0.00169312
106   0.00167771
107   0.00166278
108   0.00164829
109   0.00163398
110   0.00161978
111   0.00160619
112   0.0015928
113   0.00157942
114   0.00156628
115   0.0015536
116   0.00154082
117   0.00152778
118   0.00151491
119   0.00150247
120   0.00149009
121   0.00147761
122   0.00146545
123   0.00145375
124   0.00144213
125   0.0014304
126   0.00141898
127   0.00140799
128   0.00139689
129   0.00138557
130   0.00137453
131   0.00136393
132   0.00135332
133   0.00134254
134   0.00133206
135   0.00132207
136   0.00131216
137   0.00130212
138   0.00129234
139   0.00128294
140   0.00127354
141   0.0012639
142   0.00125441
143   0.00124528
144   0.00123629
145   0.00122714
146   0.00121821
147   0.00120969
148   0.00120123
149   0.0011926
150   0.00118412
151   0.00117596
152   0.00116793
153   0.0011598
154   0.00115176
155   0.00114403
156   0.0011365
157   0.0011289
158   0.0011214
159   0.00111417
160   0.00110708
161   0.00109988
162   0.00109269
163   0.00108568
164   0.00107887
165   0.00107197
166   0.00106501
167   0.00105827
168   0.00105188
169   0.00104551
170   0.00103903
171   0.00103267
172   0.00102656
173   0.00102049
174   0.00101437
175   0.00100837
176   0.00100264
177   0.00099707
178   0.000991446
179   0.000985908
180   0.000980541
181   0.000975368
182   0.000970146
183   0.000964861
184   0.000959762
185   0.000954878
186   0.000950088
187   0.00094512
188   0.00094007
189   0.00093506
190   0.000930104
191   0.000925018
192   0.000919748
193   0.000914655
194   0.000909775
195   0.000904973
196   0.000900131
197   0.000895339
198   0.000890609
199   0.00088596
200   0.000881505
201   0.000877265
202   0.000873226
203   0.000869267
204   0.000865244
205   0.000861193
206   0.000857143
207   0.00085314
208   0.000849149
209   0.000844958
210   0.000840787
211   0.000836821
212   0.000833216
213   0.000829772
214   0.000826246
215   0.000822491
216   0.00081869
217   0.000815059
218   0.000811546
219   0.000808056
220   0.0008045
221   0.000800937
222   0.000797385
223   0.000793764
224   0.000790003
225   0.00078617
226   0.00078245
227   0.000778902
228   0.000775468
229   0.000771928
230   0.000768267
231   0.000764753
232   0.000761495
233   0.000758379
234   0.000755207
235   0.000751983
236   0.000748807
237   0.000745716
238   0.000742645
239   0.000739489
240   0.000736363
241   0.00073345
242   0.000730833
243   0.000728391
244   0.000725843
245   0.000723112
246   0.000720336
247   0.000717671
248   0.000715089
249   0.00071245
250   0.000709659
251   0.000706845
252   0.000704178
253   0.000701651
254   0.000699001
255   0.00069608
256   0.000692955
257   0.000689826
258   0.000686802
259   0.000683995
260   0.000681326
261   0.000678771
262   0.000676325
263   0.00067395
264   0.000671554
265   0.000669113
266   0.00066685
267   0.000664785
268   0.000662789
269   0.000660767
270   0.000658685
271   0.000656601
272   0.000654538
273   0.000652412
274   0.000650042
275   0.000647588
276   0.000645227
277   0.000643046
278   0.000640939
279   0.000638812
280   0.000636628
281   0.000634407
282   0.00063219
283   0.000630049
284   0.000628014
285   0.00062606
286   0.000624092
287   0.000622121
288   0.000620134
289   0.000618096
290   0.000616076
291   0.000614096
292   0.000612184
293   0.000610227
294   0.000608263
295   0.000606331
296   0.000604286
297   0.000602237
298   0.000600237
299   0.000598317
300   0.000596472
301   0.000594703
302   0.000592959
303   0.000591283
304   0.000589646
305   0.000587987
306   0.000586377
307   0.00058481
308   0.000583431
309   0.000582173
310   0.000580827
311   0.000579348
312   0.000577795
313   0.0005763
314   0.000574901
315   0.000573612
316   0.000572332
317   0.000570829
318   0.000569098
319   0.000567236
320   0.000565462
321   0.00056392
322   0.000562441
323   0.00056086
324   0.000559258
325   0.000557579
326   0.000555996
327   0.000554475
328   0.00055298
329   0.000551543
330   0.000550257
331   0.000548922
332   0.000547584
333   0.000546235
334   0.000544788
335   0.000543405
336   0.000541865
337   0.000540295
338   0.000538811
339   0.000537415
340   0.000535978
341   0.000534416
342   0.000532656
343   0.000530916
344   0.00052928
345   0.00052778
346   0.000526427
347   0.000525195
348   0.000523919
349   0.000522566
350   0.000521187
351   0.000519863
352   0.000518496
353   0.000517338
354   0.000516354
355   0.000515136
356   0.000513843
357   0.000512708
358   0.000511382
359   0.000510127
360   0.000508793
361   0.000507339
362   0.000505787
363   0.000504233
364   0.000502416
365   0.000500332
366   0.000498643
367   0.00049721
368   0.000495799
369   0.000494327
370   0.000492886
371   0.000491581
372   0.000490279
373   0.00048902
374   0.000487618
375   0.000486229
376   0.000484801
377   0.000483187
378   0.000481403
379   0.00047935
380   0.000477324
381   0.000475449
382   0.000473842
383   0.00047221
384   0.000470196
385   0.000468185
386   0.000466616
387   0.000465357
388   0.000464194
389   0.000463071
390   0.000461928
391   0.000460941
392   0.000459887
393   0.000458879
394   0.000458005
395   0.000457116
396   0.000456281
397   0.00045527
398   0.000454126
399   0.000452797
400   0.000451396
401   0.000449907
402   0.00044796
403   0.000446027
404   0.000444248
405   0.000442534
406   0.000441192
407   0.000440097
408   0.000439042
409   0.000438061
410   0.000437025
411   0.000435653
412   0.000433812
413   0.000431536
414   0.00042886
415   0.000425857
416   0.000422595
417   0.000419154
418   0.000415574
419   0.000411818
420   0.000407852
421   0.000403748
422   0.000399597
423   0.000395513
424   0.000391476
425   0.000387569
426   0.000383811
427   0.000380235
428   0.000376844
429   0.000373604
430   0.000370521
431   0.000367615
432   0.0003649
433   0.000362389
434   0.000360118
435   0.00035816
436   0.000356476
437   0.000355024
438   0.000353794
439   0.000352738
440   0.000351812
441   0.000351008
442   0.000350286
443   0.000349682
444   0.000349181
445   0.00034879
446   0.000348483
447   0.000348223
448   0.000347976
449   0.000347742
450   0.000347522
451   0.000347231
452   0.000346854
453   0.000346383
454   0.000345803
455   0.000345126
456   0.000344327
457   0.000343391
458   0.000342348
459   0.0003412
460   0.000339887
461   0.000338478
462   0.00033698
463   0.000335345
464   0.000333589
465   0.000331742
466   0.000329793
467   0.000327752
468   0.000325703
469   0.000323616
470   0.000321517
471   0.000319499
472   0.000317495
473   0.000315581
474   0.00031371
475   0.000311885
476   0.000310091
477   0.0003085
478   0.000307012
479   0.000305584
480   0.000304251
481   0.000303051
482   0.000302027
483   0.000301213
484   0.000300526
485   0.000299935
486   0.000299437
487   0.000298997
488   0.000298652
489   0.000298316
490   0.000297939
491   0.000297443
492   0.00029684
493   0.000296159
494   0.000295404
495   0.000294556
496   0.000293592
497   0.000292598
498   0.000291628
499   0.000290736
500   0.000289763
501   0.000288802
502   0.000287851
503   0.000286909
504   0.000285966
505   0.000285027
506   0.00028405
507   0.000283066
508   0.00028217
509   0.00028123
510   0.000280325
511   0.000279413
512   0.000278509
513   0.000277532
514   0.000276598
515   0.000275669
516   0.000274706
517   0.000273699
518   0.000272683
519   0.00027175
520   0.000270935
521   0.000270175
522   0.000269404
523   0.000268635
524   0.000267939
525   0.000267281
526   0.000266652
527   0.000265932
528   0.000265084
529   0.000264196
530   0.000263231
531   0.000262182
532   0.000260978
533   0.000259611
534   0.000258202
535   0.00025679
536   0.000255409
537   0.000253968
538   0.000252475
539   0.000251063
540   0.000249685
541   0.000248266
542   0.000246863
543   0.000245499
544   0.00024398
545   0.000242503
546   0.000241102
547   0.000239807
548   0.000238632
549   0.000237329
550   0.000235822
551   0.000234544
552   0.000233318
553   0.000232068
554   0.000230954
555   0.000230126
556   0.000229317
557   0.00022867
558   0.00022809
559   0.000227546
560   0.000227006
561   0.000226317
562   0.000225325
563   0.000224323
564   0.000223193
565   0.000221969
566   0.000220581
567   0.000219047
568   0.000217363
569   0.000215726
570   0.000214207
571   0.000212808
572   0.000211454
573   0.000210136
574   0.000209039
575   0.0002082
576   0.000207301
577   0.000206512
578   0.000205846
579   0.000205318
580   0.000204974
581   0.000204468
582   0.000203944
583   0.000203639
584   0.00020333
585   0.000202994
586   0.000202849
587   0.000203098
588   0.000203488
589   0.000203939
590   0.00020439
591   0.000204945
592   0.00020549
593   0.00020596
594   0.000206224
595   0.000206413
596   0.000206626
597   0.000206766
598   0.000206822
599   0.000206839
600   0.000206832
601   0.000206893
602   0.000207045
603   0.000207291
604   0.000207583
605   0.00020799
606   0.000208502
607   0.000209064
608   0.00020963
609   0.000210061
610   0.000210539
611   0.000211006
612   0.000211313
613   0.000211769
614   0.000212602
615   0.000213599
616   0.000214658
617   0.000215892
618   0.000217189
619   0.00021835
620   0.000219266
621   0.000219991
622   0.000220643
623   0.000221233
624   0.00022174
625   0.000222118
626   0.000222474
627   0.000222851
628   0.000223255
629   0.000223657
630   0.000224059
631   0.000224456
632   0.000224822
633   0.000225126
634   0.000225347
635   0.000225483
636   0.000225568
637   0.00022552
638   0.000225317
639   0.000224995
640   0.000224551
641   0.000223952
642   0.000223146
643   0.00022213
644   0.000220949
645   0.000219646
646   0.000218325
647   0.000217019
648   0.000215717
649   0.00021443
650   0.000213149
651   0.000211827
652   0.000210361
653   0.000208781
654   0.000207081
655   0.000205299
656   0.000203521
657   0.000201691
658   0.000199873
659   0.000198034
660   0.000196236
661   0.000194458
662   0.000192677
663   0.00019093
664   0.000189202
665   0.00018749
666   0.00018575
667   0.000184077
668   0.00018243
669   0.000180863
670   0.000179426
671   0.000178061
672   0.000176782
673   0.000175549
674   0.000174408
675   0.000173376
676   0.000172455
677   0.000171691
678   0.000171086
679   0.000170617
680   0.000170271
681   0.000170045
682   0.000169915
683   0.000169873
684   0.000169992
685   0.000170283
686   0.000170668
687   0.000171098
688   0.000171579
689   0.000172107
690   0.000172596
691   0.000172955
692   0.000173129
693   0.000173144
694   0.000173092
695   0.000173021
696   0.000172864
697   0.000172636
698   0.000172393
699   0.000172133
700   0.000171816
701   0.0001714
702   0.000170878
703   0.000170294
704   0.000169648
705   0.000168963
706   0.000168138
707   0.000167306
708   0.000166556
709   0.000165938
710   0.000165383
711   0.000164757
712   0.000164041
713   0.00016332
714   0.000162613
715   0.000161919
716   0.000161234
717   0.000160528
718   0.000159776
719   0.000158963
720   0.000158111
721   0.000157198
722   0.000156259
723   0.00015531
724   0.000154361
725   0.000153459
726   0.000152653
727   0.000151894
728   0.000151126
729   0.000150369
730   0.000149714
731   0.000149052
732   0.000148295
733   0.000147613
734   0.000147158
735   0.000146862
736   0.000146652
737   0.000146497
738   0.000146396
739   0.000146417
740   0.000146431
741   0.000146375
742   0.000146238
743   0.000146048
744   0.000145822
745   0.000145523
746   0.000145162
747   0.000144745
748   0.000144288
749   0.000143795
750   0.000143317
751   0.000142845
752   0.000142366
753   0.000141871
754   0.000141282
755   0.00014071
756   0.000140013
757   0.000139278
758   0.000138571
759   0.000137987
760   0.000137489
761   0.000136945
762   0.000136307
763   0.000135608
764   0.00013488
765   0.000134144
766   0.000133418
767   0.000132718
768   0.000132069
769   0.000131516
770   0.000130922
771   0.000130327
772   0.000129717
773   0.000129102
774   0.000128522
775   0.000127986
776   0.000127455
777   0.000126932
778   0.000126419
779   0.000125921
780   0.000125451
781   0.00012502
782   0.000124627
783   0.000124225
784   0.000123802
785   0.000123348
786   0.000122867
787   0.000122301
788   0.00012169
789   0.00012106
790   0.000120398
791   0.000119697
792   0.000118994
793   0.000118241
794   0.000117529
795   0.000116836
796   0.000116163
797   0.000115518
798   0.000114906
799   0.000114308
800   0.000113715
801   0.00011306
802   0.000112422
803   0.000111807
804   0.000111206
805   0.000110621
806   0.000110056
807   0.000109511
808   0.000109007
809   0.000108525
810   0.000108045
811   0.000107561
812   0.000107114
813   0.000106705
814   0.000106287
815   0.000105868
816   0.000105482
817   0.000105125
818   0.000104791
819   0.000104469
820   0.000104136
821   0.000103781
822   0.000103419
823   0.000103066
824   0.000102737
825   0.00010244
826   0.000102164
827   0.000101902
828   0.000101693
829   0.00010153
830   0.000101397
831   0.000101303
832   0.000101265
833   0.000101287
834   0.000101375
835   0.000101515
836   0.000101701
837   0.00010193
838   0.000102203
839   0.000102512
840   0.000102856
841   0.000103203
842   0.00010359
843   0.000104041
844   0.000104533
845   0.000105057
846   0.000105596
847   0.000106147
848   0.000106691
849   0.000107225
850   0.000107752
851   0.000108261
852   0.000108767
853   0.00010926
854   0.000109741
855   0.000110214
856   0.000110677
857   0.000111114
858   0.000111517
859   0.00011188
860   0.000112176
861   0.000112459
862   0.000112725
863   0.000112896
864   0.000113019
865   0.000113078
866   0.000113081
867   0.000112982
868   0.00011283
869   0.00011265
870   0.000112434
871   0.00011212
872   0.000111627
873   0.000111076
874   0.000110846
875   0.000110896
876   0.000111083
877   0.000111264
878   0.000111368
879   0.000111322
880   0.000111092
881   0.000110717
882   0.000110302
883   0.000110146
884   0.000110564
885   0.000111602
886   0.000113008
887   0.00011439
888   0.00011547
889   0.000116112
890   0.000116256
891   0.000115904
892   0.000115169
893   0.000114178
894   0.000113043
895   0.00011183
896   0.000110571
897   0.000109287
898   0.00010799
899   0.000106693
900   0.000105407
901   0.000104153
902   0.000102947
903   0.000101796
904   0.000100675
905   9.96458e-05
906   9.87046e-05
907   9.78675e-05
908   9.71153e-05
909   9.64266e-05
910   9.57922e-05
911   9.52049e-05
912   9.46594e-05
913   9.41579e-05
914   9.37052e-05
915   9.32948e-05
916   9.29157e-05
917   9.25606e-05
918   9.22258e-05
919   9.19082e-05
920   9.16094e-05
921   9.13323e-05
922   9.10835e-05
923   9.08662e-05
924   9.06844e-05
925   9.05396e-05
926   9.04287e-05
927   9.03525e-05
928   9.03112e-05
929   9.03062e-05
930   9.03493e-05
931   9.04121e-05
932   9.05006e-05
933   9.06451e-05
934   9.08398e-05
935   9.10768e-05
936   9.13579e-05
937   9.16766e-05
938   9.20066e-05
939   9.23466e-05
940   9.26994e-05
941   9.30701e-05
942   9.34611e-05
943   9.38775e-05
944   9.43101e-05
945   9.47369e-05
946   9.5154e-05
947   9.55521e-05
948   9.59114e-05
949   9.62568e-05
950   9.65962e-05
951   9.69214e-05
952   9.72319e-05
953   9.75227e-05
954   9.7786e-05
955   9.80151e-05
956   9.82032e-05
957   9.83467e-05
958   9.84619e-05
959   9.85437e-05
960   9.85886e-05
961   9.85937e-05
962   9.85576e-05
963   9.84788e-05
964   9.83563e-05
965   9.81968e-05
966   9.80016e-05
967   9.77734e-05
968   9.7518e-05
969   9.72393e-05
970   9.69371e-05
971   9.66146e-05
972   9.62772e-05
973   9.59266e-05
974   9.55595e-05
975   9.51766e-05
976   9.47799e-05
977   9.43743e-05
978   9.39678e-05
979   9.3568e-05
980   9.31788e-05
981   9.28022e-05
982   9.24377e-05
983   9.20856e-05
984   9.17449e-05
985   9.14184e-05
986   9.11123e-05
987   9.0833e-05
988   9.0581e-05
989   9.03528e-05
990   9.01475e-05
991   8.99632e-05
992   8.97986e-05
993   8.9654e-05
994   8.95272e-05
995   8.94177e-05
996   8.93396e-05
997   8.92955e-05
998   8.92813e-05
999   8.92921e-05
1000   8.93287e-05
1001   8.93958e-05
1002   8.9494e-05
1003   8.96208e-05
1004   8.97725e-05
1005   8.99476e-05
1006   9.0145e-05
1007   9.03666e-05
1008   9.0615e-05
1009   9.0895e-05
1010   9.12013e-05
1011   9.15276e-05
1012   9.18724e-05
1013   9.22341e-05
1014   9.26124e-05
1015   9.30023e-05
1016   9.34008e-05
1017   9.3817e-05
1018   9.42452e-05
1019   9.46832e-05
1020   9.51314e-05
1021   9.55869e-05
1022   9.60481e-05
1023   9.65126e-05
1024   9.69777e-05
1025   9.74444e-05
1026   9.79031e-05
1027   9.83598e-05
1028   9.88132e-05
1029   9.92603e-05
1030   9.96969e-05
1031   0.000100121
1032   0.000100533
1033   0.000100929
1034   0.000101312
1035   0.000101678
1036   0.000102025
1037   0.000102355
1038   0.000102667
1039   0.000102962
1040   0.000103242
1041   0.000103506
1042   0.000103751
1043   0.000103975
1044   0.00010418
1045   0.000104363
1046   0.000104528
1047   0.000104685
1048   0.000104832
1049   0.000104972
1050   0.000105101
1051   0.000105221
1052   0.000105336
1053   0.000105452
1054   0.000105565
1055   0.000105677
1056   0.000105787
1057   0.000105884
1058   0.000105951
1059   0.000105987
1060   0.000106003
1061   0.000106013
1062   0.000106026
1063   0.000106047
1064   0.000106081
1065   0.000106124
1066   0.000106168
1067   0.000106206
1068   0.000106233
1069   0.000106244
1070   0.000106242
1071   0.000106231
1072   0.000106219
1073   0.000106217
1074   0.000106236
1075   0.000106286
1076   0.000106378
1077   0.000106512
1078   0.000106679
1079   0.000106868
1080   0.000107068
1081   0.000107273
1082   0.000107484
1083   0.000107711
1084   0.000107961
1085   0.000108246
1086   0.000108574
1087   0.000108957
1088   0.000109399
1089   0.000109906
1090   0.000110474
1091   0.000111092
1092   0.000111744
1093   0.000112425
1094   0.00011315
1095   0.000113945
1096   0.000114845
1097   0.000115882
1098   0.000117082
1099   0.000118462
1100   0.000120029
1101   0.000121794
1102   0.000123778
1103   0.000126025
1104   0.000128602
1105   0.000131601
1106   0.000135152
1107   0.000137153
1108   0.000136145
1109   0.000134843
1110   0.00013389
1111   0.000133133
1112   0.000132352
1113   0.000131241
1114   0.000129982
1115   0.000128337
1116   0.000126826
1117   0.000125598
1118   0.0001245
1119   0.000123752
1120   0.000123162
1121   0.000122608
1122   0.000122082
1123   0.000121488
1124   0.000120894
1125   0.000120396
1126   0.000119947
1127   0.00011951
1128   0.000119176
1129   0.000118947
1130   0.000118829
1131   0.000118843
1132   0.000118937
1133   0.000119027
1134   0.000119151
1135   0.00011928
1136   0.000119382
1137   0.000119475
1138   0.000119614
1139   0.000119805
1140   0.000120051
1141   0.000120312
1142   0.000120583
1143   0.000120859
1144   0.000121147
1145   0.000121458
1146   0.000121853
1147   0.000122318
1148   0.000122803
1149   0.000123197
1150   0.000123536
1151   0.000123874
1152   0.000124156
1153   0.000124371
1154   0.000124554
1155   0.000124779
1156   0.000125087
1157   0.000125475
1158   0.000125909
1159   0.000126343
1160   0.000126763
1161   0.000127177
1162   0.000127565
1163   0.000127823
1164   0.000128076
1165   0.000128335
1166   0.000128638
1167   0.000128996
1168   0.000129401
1169   0.000129863
1170   0.000130415
1171   0.00013104
1172   0.000131686
1173   0.000132309
1174   0.000132925
1175   0.000133558
1176   0.00013423
1177   0.000134933
1178   0.000135687
1179   0.000136443
1180   0.000137323
1181   0.000138323
1182   0.000139444
1183   0.000140733
1184   0.000142227
1185   0.000143992
1186   0.000146083
1187   0.000148536
1188   0.000151397
1189   0.00015475
1190   0.000155979
1191   0.000154702
1192   0.000153217
1193   0.000151237
1194   0.000149712
1195   0.000148791
1196   0.000148413
1197   0.00014792
1198   0.000147003
1199   0.000145742
1200   0.00014418
1201   0.000142436
1202   0.000140772
1203   0.000139141
1204   0.000137639
1205   0.000136296
1206   0.000135106
1207   0.000134111
1208   0.00013328
1209   0.000132497
1210   0.000131817
1211   0.000131199
1212   0.00013064
1213   0.000130225
1214   0.000129949
1215   0.000129841
1216   0.000129843
1217   0.00012987
1218   0.000129901
1219   0.000129877
1220   0.000129823
1221   0.000129742
1222   0.000129672
1223   0.000129616
1224   0.000129624
1225   0.000129709
1226   0.000129828
1227   0.000129937
1228   0.000130028
1229   0.000130127
1230   0.00013026
1231   0.000130423
1232   0.000130586
1233   0.000130749
1234   0.000130848
1235   0.000130875
1236   0.000130821
1237   0.000130754
1238   0.000130645
1239   0.000130634
1240   0.000130708
1241   0.00013082
1242   0.00013096
1243   0.000131129
1244   0.00013132
1245   0.00013153
1246   0.000131763
1247   0.000132031
1248   0.000132325
1249   0.000132653
1250   0.000132997
1251   0.000133348
1252   0.00013373
1253   0.000134144
1254   0.000134593
1255   0.000135058
1256   0.000135559
1257   0.000136128
1258   0.000136805
1259   0.000137619
1260   0.000138589
1261   0.00013975
1262   0.000141146
1263   0.000142832
1264   0.000144879
1265   0.000147137
1266   0.000148739
1267   0.000149924
1268   0.000150775
1269   0.000151671
1270   0.000152729
1271   0.000153625
1272   0.000153501
1273   0.000148436
1274   0.000142902
1275   0.000139668
1276   0.000137173
1277   0.000134599
1278   0.000131705
1279   0.000128542
1280   0.000125389
1281   0.000122488
1282   0.000119999
1283   0.000117942
1284   0.000116217
1285   0.000114656
1286   0.000113199
1287   0.00011182
1288   0.000110553
1289   0.000109382
1290   0.000108351
1291   0.000107466
1292   0.000106666
1293   0.000105931
1294   0.000105249
1295   0.000104623
1296   0.000104048
1297   0.000103538
1298   0.000103077
1299   0.000102641
1300   0.000102219
1301   0.000101779
1302   0.000101363
1303   0.000100928
1304   0.000100506
1305   0.00010012
1306   9.97913e-05
1307   9.94622e-05
1308   9.91016e-05
1309   9.87084e-05
1310   9.83032e-05
1311   9.79088e-05
1312   9.75279e-05
1313   9.71629e-05
1314   9.68143e-05
1315   9.64726e-05
1316   9.60843e-05
1317   9.56968e-05
1318   9.53088e-05
1319   9.49293e-05
1320   9.45602e-05
1321   9.4204e-05
1322   9.38658e-05
1323   9.35374e-05
1324   9.32102e-05
1325   9.28781e-05
1326   9.25455e-05
1327   9.21813e-05
1328   9.17252e-05
1329   9.13054e-05
1330   9.09131e-05
1331   9.05455e-05
1332   9.01937e-05
1333   8.98419e-05
1334   8.94917e-05
1335   8.91416e-05
1336   8.87907e-05
1337   8.84353e-05
1338   8.80758e-05
1339   8.7709e-05
1340   8.73307e-05
1341   8.69449e-05
1342   8.65517e-05
1343   8.61467e-05
1344   8.57266e-05
1345   8.52929e-05
1346   8.48539e-05
1347   8.44142e-05
1348   8.39698e-05
1349   8.35162e-05
1350   8.30522e-05
1351   8.25788e-05
1352   8.20958e-05
1353   8.16024e-05
1354   8.10962e-05
1355   8.05793e-05
1356   8.00573e-05
1357   7.95358e-05
1358   7.90169e-05
1359   7.84986e-05
1360   7.79789e-05
1361   7.74577e-05
1362   7.69346e-05
1363   7.64094e-05
1364   7.58818e-05
1365   7.5354e-05
1366   7.48288e-05
1367   7.43126e-05
1368   7.38059e-05
1369   7.33099e-05
1370   7.28244e-05
1371   7.23508e-05
1372   7.18912e-05
1373   7.14483e-05
1374   7.10241e-05
1375   7.06207e-05
1376   7.02418e-05
1377   6.98927e-05
1378   6.95767e-05
1379   6.92967e-05
1380   6.90552e-05
1381   6.88545e-05
1382   6.86991e-05
1383   6.85914e-05
1384   6.85339e-05
1385   6.85282e-05
1386   6.8576e-05
1387   6.86779e-05
1388   6.88364e-05
1389   6.90523e-05
1390   6.93254e-05
1391   6.96546e-05
1392   7.004e-05
1393   7.04776e-05
1394   7.09675e-05
1395   7.15068e-05
1396   7.20908e-05
1397   7.27158e-05
1398   7.33865e-05
1399   7.40994e-05
1400   7.48441e-05
1401   7.56144e-05
1402   7.64067e-05
1403   7.72188e-05
1404   7.80427e-05
1405   7.88772e-05
1406   7.9663e-05
1407   8.04443e-05
1408   8.12757e-05
1409   8.21373e-05
1410   8.3015e-05
1411   8.38947e-05
1412   8.47571e-05
1413   8.55933e-05
1414   8.63986e-05
1415   8.7172e-05
1416   8.79173e-05
1417   8.86365e-05
1418   8.93229e-05
1419   8.99662e-05
1420   9.05861e-05
1421   9.11929e-05
1422   9.17861e-05
1423   9.23676e-05
1424   9.2931e-05
1425   9.34848e-05
1426   9.40683e-05
1427   9.46752e-05
1428   9.52768e-05
1429   9.58592e-05
1430   9.64327e-05
1431   9.70089e-05
1432   9.75837e-05
1433   9.81452e-05
1434   9.86888e-05
1435   9.92214e-05
1436   9.97511e-05
1437   0.000100281
1438   0.000100812
1439   0.000101343
1440   0.000101862
1441   0.000102359
1442   0.000102868
1443   0.00010339
1444   0.000103899
1445   0.000104385
1446   0.000104857
1447   0.000105329
1448   0.000105794
1449   0.000106251
1450   0.000106685
1451   0.000107089
1452   0.000107456
1453   0.000107796
1454   0.000108109
1455   0.000108397
1456   0.000108666
1457   0.000108922
1458   0.000109172
1459   0.000109422
1460   0.000109667
1461   0.00010991
1462   0.000110155
1463   0.000110392
1464   0.000110616
1465   0.000110808
1466   0.000110948
1467   0.000111015
1468   0.00011107
1469   0.0001111
1470   0.000111078
1471   0.000111052
1472   0.000111014
1473   0.000110954
1474   0.000110844
1475   0.000110677
1476   0.000110434
1477   0.000110196
1478   0.00010994
1479   0.000109664
1480   0.000109384
1481   0.000109116
1482   0.000108865
1483   0.000108601
1484   0.000108317
1485   0.000108012
1486   0.000107703
1487   0.000107397
1488   0.000107093
1489   0.000106795
1490   0.000106499
1491   0.000106163
1492   0.000105895
1493   0.00010568
1494   0.000105499
1495   0.000105336
1496   0.000105199
1497   0.000105078
1498   0.000104943
1499   0.000104794
1500   0.00010465
1501   0.000104518
1502   0.000104414
1503   0.00010435
1504   0.00010432
1505   0.000104292
1506   0.000104268
1507   0.00010423
1508   0.000104074
1509   0.000103911
1510   0.000103765
1511   0.000103582
1512   0.000103391
1513   0.000103266
1514   0.000103161
1515   0.000103037
1516   0.000102914
1517   0.000102825
1518   0.000102714
1519   0.000102214
1520   0.000101657
1521   0.000101292
1522   0.000101136
1523   0.000101069
1524   0.000101062
1525   0.00010113
1526   0.00010127
1527   0.000101404
1528   0.000101548
1529   0.000101663
1530   0.000101744
1531   0.000101739
1532   0.000101664
1533   0.000101616
1534   0.000101657
1535   0.000101769
1536   0.000101997
1537   0.000102357
1538   0.000102781
1539   0.000103188
1540   0.000103557
1541   0.00010387
1542   0.000104086
1543   0.000104231
1544   0.000104317
1545   0.000104319
1546   0.000104247
1547   0.000104114
1548   0.000103893
1549   0.000103597
1550   0.000103256
1551   0.000102964
1552   0.000102679
1553   0.000102368
1554   0.000102058
1555   0.000101801
1556   0.00010158
1557   0.000101342
1558   0.000101111
1559   0.000100937
1560   0.000100831
1561   0.000100752
1562   0.000100662
1563   0.000100557
1564   0.000100436
1565   0.000100293
1566   0.000100118
1567   9.99056e-05
1568   9.96781e-05
1569   9.94549e-05
1570   9.92165e-05
1571   9.8946e-05
1572   9.86688e-05
1573   9.82927e-05
1574   9.78798e-05
1575   9.74908e-05
1576   9.70993e-05
1577   9.67293e-05
1578   9.64073e-05
1579   9.61176e-05
1580   9.58505e-05
1581   9.56121e-05
1582   9.53989e-05
1583   9.51986e-05
1584   9.5014e-05
1585   9.49094e-05
1586   9.48874e-05
1587   9.4902e-05
1588   9.49072e-05
1589   9.48865e-05
1590   9.4839e-05
1591   9.47677e-05
1592   9.46659e-05
1593   9.45393e-05
1594   9.44002e-05
1595   9.4262e-05
1596   9.40963e-05
1597   9.38989e-05
1598   9.3722e-05
1599   9.35654e-05
1600   9.34356e-05
1601   9.32405e-05
1602   9.29899e-05
1603   9.27416e-05
1604   9.24597e-05
1605   9.21725e-05
1606   9.19413e-05
1607   9.17845e-05
1608   9.16292e-05
1609   9.14102e-05
1610   9.11328e-05
1611   9.08288e-05
1612   9.05336e-05
1613   9.02503e-05
1614   8.99676e-05
1615   8.96907e-05
1616   8.94382e-05
1617   8.92116e-05
1618   8.89924e-05
1619   8.87549e-05
1620   8.84884e-05
1621   8.82216e-05
1622   8.79605e-05
1623   8.77255e-05
1624   8.74884e-05
1625   8.72515e-05
1626   8.70377e-05
1627   8.68323e-05
1628   8.66311e-05
1629   8.64319e-05
1630   8.62097e-05
1631   8.59757e-05
1632   8.57539e-05
1633   8.55449e-05
1634   8.53186e-05
1635   8.51051e-05
1636   8.49059e-05
1637   8.46959e-05
1638   8.44624e-05
1639   8.4201e-05
1640   8.38827e-05
1641   8.35091e-05
1642   8.31105e-05
1643   8.27107e-05
1644   8.23151e-05
1645   8.19235e-05
1646   8.15417e-05
1647   8.11769e-05
1648   8.0825e-05
1649   8.04697e-05
1650   8.00966e-05
1651   7.97081e-05
1652   7.9298e-05
1653   7.88964e-05
1654   7.85073e-05
1655   7.81264e-05
1656   7.7757e-05
1657   7.74011e-05
1658   7.70601e-05
1659   7.67297e-05
1660   7.64117e-05
1661   7.60891e-05
1662   7.57988e-05
1663   7.55064e-05
1664   7.52195e-05
1665   7.49404e-05
1666   7.46486e-05
1667   7.43251e-05
1668   7.39727e-05
1669   7.35955e-05
1670   7.31876e-05
1671   7.27487e-05
1672   7.2292e-05
1673   7.18381e-05
1674   7.13976e-05
1675   7.09614e-05
1676   7.0525e-05
1677   7.00863e-05
1678   6.96426e-05
1679   6.91857e-05
1680   6.87112e-05
1681   6.82278e-05
1682   6.77519e-05
1683   6.72922e-05
1684   6.68503e-05
1685   6.64255e-05
1686   6.60188e-05
1687   6.5632e-05
1688   6.52617e-05
1689   6.48976e-05
1690   6.45198e-05
1691   6.41784e-05
1692   6.38568e-05
1693   6.35505e-05
1694   6.32501e-05
1695   6.29286e-05
1696   6.26142e-05
1697   6.23213e-05
1698   6.20401e-05
1699   6.17481e-05
1700   6.14448e-05
1701   6.11451e-05
1702   6.08636e-05
1703   6.05952e-05
1704   6.03289e-05
1705   6.00628e-05
1706   5.98053e-05
1707   5.95617e-05
1708   5.93272e-05
1709   5.90955e-05
1710   5.88447e-05
1711   5.86036e-05
1712   5.83774e-05
1713   5.8156e-05
1714   5.7926e-05
1715   5.77108e-05
1716   5.74968e-05
1717   5.72701e-05
1718   5.70274e-05
1719   5.67837e-05
1720   5.65509e-05
1721   5.63278e-05
1722   5.61095e-05
1723   5.58909e-05
1724   5.56788e-05
1725   5.54731e-05
1726   5.52655e-05
1727   5.50516e-05
1728   5.48354e-05
1729   5.46201e-05
1730   5.44117e-05
1731   5.42086e-05
1732   5.40054e-05
1733   5.38e-05
1734   5.35949e-05
1735   5.33887e-05
1736   5.31795e-05
1737   5.29661e-05
1738   5.27503e-05
1739   5.25351e-05
1740   5.2322e-05
1741   5.21102e-05
1742   5.18984e-05
1743   5.16862e-05
1744   5.14732e-05
1745   5.12569e-05
1746   5.10377e-05
1747   5.08148e-05
1748   5.05879e-05
1749   5.03577e-05
1750   5.01251e-05
1751   4.989e-05
1752   4.96518e-05
1753   4.94107e-05
1754   4.9166e-05
1755   4.89182e-05
1756   4.86676e-05
1757   4.84145e-05
1758   4.81584e-05
1759   4.78992e-05
1760   4.76366e-05
1761   4.73711e-05
1762   4.71027e-05
1763   4.68306e-05
1764   4.6555e-05
1765   4.62758e-05
1766   4.59941e-05
1767   4.57102e-05
1768   4.54251e-05
1769   4.51395e-05
1770   4.48535e-05
1771   4.4568e-05
1772   4.42836e-05
1773   4.40009e-05
1774   4.37206e-05
1775   4.34439e-05
1776   4.31716e-05
1777   4.29042e-05
1778   4.26424e-05
1779   4.23864e-05
1780   4.21371e-05
1781   4.18949e-05
1782   4.16606e-05
1783   4.14347e-05
1784   4.12176e-05
1785   4.10101e-05
1786   4.08125e-05
1787   4.06253e-05
1788   4.04489e-05
1789   4.02837e-05
1790   4.01298e-05
1791   3.99875e-05
1792   3.98568e-05
1793   3.97377e-05
1794   3.96303e-05
1795   3.95344e-05
1796   3.945e-05
1797   3.93772e-05
1798   3.93158e-05
1799   3.92653e-05
1800   3.92249e-05
1801   3.91942e-05
1802   3.9173e-05
1803   3.91606e-05
1804   3.91566e-05
1805   3.91606e-05
1806   3.91713e-05
1807   3.91869e-05
1808   3.92097e-05
1809   3.92386e-05
1810   3.92727e-05
1811   3.93113e-05
1812   3.93538e-05
1813   3.93999e-05
1814   3.94488e-05
1815   3.94998e-05
1816   3.9552e-05
1817   3.9605e-05
1818   3.96586e-05
1819   3.97122e-05
1820   3.97654e-05
1821   3.98179e-05
1822   3.98694e-05
1823   3.99196e-05
1824   3.99681e-05
1825   4.00149e-05
1826   4.00559e-05
1827   4.00941e-05
1828   4.01304e-05
1829   4.01645e-05
1830   4.01959e-05
1831   4.02245e-05
1832   4.02503e-05
1833   4.02729e-05
1834   4.02914e-05
1835   4.03059e-05
1836   4.03168e-05
1837   4.03249e-05
1838   4.03302e-05
1839   4.03329e-05
1840   4.03332e-05
1841   4.03312e-05
1842   4.03267e-05
1843   4.03197e-05
1844   4.03131e-05
1845   4.03083e-05
1846   4.03004e-05
1847   4.02886e-05
1848   4.02736e-05
1849   4.02557e-05
1850   4.02359e-05
1851   4.02157e-05
1852   4.01966e-05
1853   4.01789e-05
1854   4.01633e-05
1855   4.01491e-05
1856   4.01355e-05
1857   4.01207e-05
1858   4.01031e-05
1859   4.00828e-05
1860   4.00592e-05
1861   4.00349e-05
1862   4.00125e-05
1863   3.99953e-05
1864   3.99845e-05
1865   3.99788e-05
1866   3.99749e-05
1867   3.99704e-05
1868   3.99638e-05
1869   3.9955e-05
1870   3.99457e-05
1871   3.99391e-05
1872   3.99376e-05
1873   3.99414e-05
1874   3.99492e-05
1875   3.99584e-05
1876   3.99669e-05
1877   3.99734e-05
1878   3.99788e-05
1879   3.99858e-05
1880   3.99969e-05
1881   4.00124e-05
1882   4.00297e-05
1883   4.00463e-05
1884   4.00621e-05
1885   4.00771e-05
1886   4.00869e-05
1887   4.00938e-05
1888   4.01018e-05
1889   4.01096e-05
1890   4.01175e-05
1891   4.01252e-05
1892   4.01331e-05
1893   4.01419e-05
1894   4.01541e-05
1895   4.01687e-05
1896   4.01825e-05
1897   4.019e-05
1898   4.01816e-05
1899   4.01597e-05
1900   4.01297e-05
1901   4.00982e-05
1902   4.00681e-05
1903   4.00401e-05
1904   4.00215e-05
1905   4.00017e-05
1906   3.9976e-05
1907   3.99449e-05
1908   3.99046e-05
1909   3.98564e-05
1910   3.98048e-05
1911   3.97548e-05
1912   3.97046e-05
1913   3.96526e-05
1914   3.95987e-05
1915   3.95443e-05
1916   3.949e-05
1917   3.94361e-05
1918   3.93833e-05
1919   3.93322e-05
1920   3.92825e-05
1921   3.9232e-05
1922   3.91797e-05
1923   3.91266e-05
1924   3.90743e-05
1925   3.90207e-05
1926   3.89662e-05
1927   3.89116e-05
1928   3.88554e-05
1929   3.88001e-05
1930   3.87453e-05
1931   3.86903e-05
1932   3.86352e-05
1933   3.85816e-05
1934   3.85293e-05
1935   3.84774e-05
1936   3.84312e-05
1937   3.83879e-05
1938   3.83477e-05
1939   3.83103e-05
1940   3.82759e-05
1941   3.82415e-05
1942   3.82106e-05
1943   3.81817e-05
1944   3.81559e-05
1945   3.81232e-05
1946   3.80689e-05
1947   3.80231e-05
1948   3.7988e-05
1949   3.79443e-05
1950   3.7911e-05
1951   3.78821e-05
1952   3.78585e-05
1953   3.7836e-05
1954   3.78138e-05
1955   3.78011e-05
1956   3.77998e-05
1957   3.78108e-05
1958   3.78296e-05
1959   3.78487e-05
1960   3.7865e-05
1961   3.78767e-05
1962   3.78849e-05
1963   3.78955e-05
1964   3.79168e-05
1965   3.79471e-05
1966   3.79815e-05
1967   3.80177e-05
1968   3.80533e-05
1969   3.80911e-05
1970   3.81272e-05
1971   3.81616e-05
1972   3.81968e-05
1973   3.82338e-05
1974   3.82719e-05
1975   3.83117e-05
1976   3.83521e-05
1977   3.8392e-05
1978   3.84301e-05
1979   3.84671e-05
1980   3.85014e-05
1981   3.85365e-05
1982   3.85729e-05
1983   3.86115e-05
1984   3.86526e-05
1985   3.8696e-05
1986   3.87408e-05
1987   3.87839e-05
1988   3.88241e-05
1989   3.88615e-05
1990   3.88926e-05
1991   3.89255e-05
1992   3.89585e-05
1993   3.89921e-05
1994   3.90262e-05
1995   3.90607e-05
1996   3.90943e-05
1997   3.91251e-05
1998   3.91524e-05
1999   3.91764e-05
2000   3.91992e-05
